101
-1000 -1000 0 1 1
-1000 -600 0 1 1
-1000 -200 0 1 1
-1000 200 0 1 1
-1000 600 0 1 1
-1000 1000 0 1 1
-1000 1400 0 1 1
-1000 1800 0 1 1
-1000 2200 0 1 1
-1000 2600 0 1 1
-600 -1000 0 1 1
-600 -600 0 1 1
-600 -200 0 1 1
-600 200 0 1 1
-600 600 0 1 1
-600 1000 0 1 1
-600 1400 0 1 1
-600 1800 0 1 1
-600 2200 0 1 1
-600 2600 0 1 1
-200 -1000 0 1 1
-200 -600 0 1 1
-200 -200 0 1 1
-200 200 0 1 1
-200 600 0 1 1
-200 1000 0 1 1
-200 1400 0 1 1
-200 1800 0 1 1
-200 2200 0 1 1
-200 2600 0 1 1
200 -1000 0 1 1
200 -600 0 1 1
200 -200 0 1 1
200 200 0 1 1
200 600 0 1 1
200 1000 0 1 1
200 1400 0 1 1
200 1800 0 1 1
200 2200 0 1 1
200 2600 0 1 1
600 -1000 0 1 1
600 -600 0 1 1
600 -200 0 1 1
600 200 0 1 1
600 600 0 1 1
600 1000 0 1 1
600 1400 0 1 1
600 1800 0 1 1
600 2200 0 1 1
600 2600 0 1 1
1000 -1000 0 1 1
1000 -600 0 1 1
1000 -200 0 1 1
1000 200 0 1 1
1000 600 0 1 1
1000 1000 0 1 1
1000 1400 0 1 1
1000 1800 0 1 1
1000 2200 0 1 1
1000 2600 0 1 1
1400 -1000 0 1 1
1400 -600 0 1 1
1400 -200 0 1 1
1400 200 0 1 1
1400 600 0 1 1
1400 1000 0 1 1
1400 1400 0 1 1
1400 1800 0 1 1
1400 2200 0 1 1
1400 2600 0 1 1
1800 -1000 0 1 1
1800 -600 0 1 1
1800 -200 0 1 1
1800 200 0 1 1
1800 600 0 1 1
1800 1000 0 1 1
1800 1400 0 1 1
1800 1800 0 1 1
1800 2200 0 1 1
1800 2600 0 1 1
2200 -1000 0 1 1
2200 -600 0 1 1
2200 -200 0 1 1
2200 200 0 1 1
2200 600 0 1 1
2200 1000 0 1 1
2200 1400 0 1 1
2200 1800 0 1 1
2200 2200 0 1 1
2200 2600 0 1 1
2600 -1000 0 1 1
2600 -600 0 1 1
2600 -200 0 1 1
2600 200 0 1 1
2600 600 0 1 1
2600 1000 0 1 1
2600 1400 0 1 1
2600 1800 0 1 1
2600 2200 0 1 1
2600 2600 0 1 1
0 0 45 1 3
